기간	구분	기온(℃)	기온(℃)	기온(℃)	기온(℃)	기온(℃)	강수량(mm)	상대습도(%)	상대습도(%)	평균해면기압(hPa)	이슬점온도(℃)	평균운량(10%)	일조시간(hr)	최심신적설(㎝)	바람(m/s)	바람(m/s)	바람(m/s)
기간	구분	평균	평균최고	극점최고	평균최저	극점최저	강수량(mm)	평균	최소	평균해면기압(hPa)	이슬점온도(℃)	평균운량(10%)	일조시간(hr)	최심신적설(㎝)	평균풍속	최대풍속	최대순간풍속
2015.01	서울시	-0.9	3.6	9	-4.8	-9.8	11.3	56	22	1,024.7	-9	3.9	193.3	5.1	2.6	7.7	13
2015.02	서울시	1	6	13	-2.9	-13	22.7	59	17	1,022.2	-6.8	4.5	180	0.3	2.9	8.5	14.5
2015.03	서울시	6.3	12.4	21.9	1	-6.9	9.6	45	9	1,021.3	-6	2.8	270.8	-	3.1	9.1	16.3
2015.04	서울시	13.3	18.8	28.3	8.4	3.5	80.5	55	11	1,015.8	2.9	5	216	-	3.1	10.4	16.4
2015.05	서울시	18.9	24.9	32.2	13.6	8.3	28.9	53	12	1,009.4	7.5	4.1	290.4	-	3	11.1	17.2
2015.06	서울시	23.6	29.5	34.9	18.9	15.6	99	60	13	1,006.7	14.4	5.6	258.1	-	2.5	7.8	14.4
2015.07	서울시	25.8	30	36	22.6	18.2	226	71	28	1,006.5	19.6	7	176.1	-	2.8	8	14.4
2015.08	서울시	26.3	30.8	34.4	22.8	18.9	72.9	70	29	1,008.2	19.9	5.6	207	-	2.4	8.1	14.2
2015.09	서울시	22.4	28.1	31	17.5	14.2	26	56	15	1,014	12.4	3.8	262.1	-	2.3	6.7	12.7
2015.10	서울시	15.5	21.2	26.6	10.8	1.1	81.5	61	17	1,018.4	7.1	2.8	239.7	-	2.3	8.6	16
2015.11	서울시	8.9	12.7	19.8	5.9	-7.3	104.6	74	23	1,023.4	4	6.6	109	-	2.7	7.7	13.2
2015.12	서울시	1.6	6	12.2	-2.1	-9.5	29.1	60	19	1,025.6	-5.9	4.1	177.8	6.5	2.3	8	16.8
2016.01	서울시	-3.2	1.1	9.5	-6.8	-18	1	53	17	1,025.5	-12	4	196.1	0.5	2.5	9	15.1
2016.02	서울시	0.2	5.1	14.4	-4.1	-10	47.6	52	16	1,024.2	-9.4	3.7	195.2	5	2.8	7.6	14.4
2016.03	서울시	7	12.6	21.4	2.4	-7.5	40.5	51	15	1,021.5	-3.5	3.6	253.7	-	2.4	7.1	12.7
2016.04	서울시	14.1	20.3	29.6	9.1	5.1	76.8	55	13	1,013.3	3.6	4.8	219.5	-	2.4	8	16.7
2016.05	서울시	19.6	25.7	31.9	14.1	8.9	160.5	56	10	1,011.3	9.1	4.6	280.1	-	2.4	8.7	18
2016.06	서울시	23.6	28.7	32.2	19.5	17.1	54.4	63	21	1,007.4	15.5	5.3	229.7	-	2.1	6.8	10.5
2016.07	서울시	26.2	29.8	34.1	23.3	19.8	358.2	73	37	1,007.5	20.6	7.2	160.4	-	2.1	6.1	11.2
2016.08	서울시	28	32.6	36.6	24.5	16.1	67.1	64	27	1,005.6	20	4.6	236.1	-	2.1	7.3	13.6
2016.09	서울시	23.1	27.9	31.1	19.3	14.3	33	65	26	1,013.2	15.5	5.8	191.6	-	2	8.1	15.7
2016.10	서울시	16.1	21.3	29	11.6	0.7	74.8	62	13	1,019.2	8.2	5.3	195.7	-	2.1	6.3	12.8
2016.11	서울시	6.8	11.6	18.6	2.8	-6.2	16.7	57	19	1,023.2	-1.8	4.7	173.3	0.8	2.2	6.1	9.8
2016.12	서울시	1.2	5.8	13.6	-2.7	-9.8	61.1	59	16	1,025	-6.4	4.7	166.4	1	2.2	7.2	12.9
2017.01	서울시	-1.8	2.9	11.4	-5.8	-12.6	14.9	55	17	1,025.6	-10.3	3.5	209	6.6	2.3	7	13.1
2017.02	서울시	-0.2	4.8	12.3	-4.7	-9.3	11.1	54	18	1,023.5	-9.2	2.8	210	-	2.5	7.8	12.3
2017.03	서울시	6.3	12.3	18.9	1.7	-5.3	7.9	48	15	1,019.6	-4.9	3.9	255.2	-	2.4	8.5	17.9
2017.04	서울시	13.9	20	27.8	9.1	3.1	61.6	52	10	1,012.8	2.9	4.4	259.7	-	2.6	8.1	15.6
2017.05	서울시	19.5	25.4	30.3	14.4	10	16.1	52	7	1,012	8.3	3.9	301.5	-	2.4	8.5	15.7
2017.06	서울시	23.3	28.8	34.1	18.7	14.5	66.6	57	14	1,008.2	13.1	4.7	285.2	-	2.4	6.4	12.1
2017.07	서울시	26.9	30.4	35.4	24.3	21.9	621	77	38	1,007.2	22.2	7.9	123.1	-	2	7.3	13.3
2017.08	서울시	25.9	29.7	35.3	22.9	16.1	297	71	19	1,007.4	19.7	7	166.2	-	2.3	7.7	15.3
2017.09	서울시	22.1	27.4	31.4	17.5	11.2	35	61	20	1,013	13.6	4.2	233.7	-	2	6.8	12.1
2017.10	서울시	16.4	22.5	29.4	11.6	2.5	26.5	56	16	1,020.9	7	4.5	222.7	-	1.9	7.6	12.9
2017.11	서울시	5.6	10.5	18.4	1.3	-6.6	40.7	54	13	1,023	-3.9	4.2	163.9	1.5	2.1	6.7	13
2017.12	서울시	-1.9	2.2	8.7	-5.7	-12.3	34.8	56	14	1,026	-10.3	3.9	176.1	5.1	1.8	6.7	14.2
2018.01	서울시	-4	0.1	8.7	-7.3	-17.8	8.5	48	16	1,024.6	-13.9	4.3	186.7	3.5	1.9	7.2	12.2
2018.02	서울시	-1.6	3.3	10.4	-5.9	-13.4	29.6	45	13	1,023.8	-13	3.9	194.2	3.7	2.2	6.3	12.2
2018.03	서울시	8.1	13.6	22.1	3.8	-6.7	49.5	59	13	1,020.3	-0.2	5.2	209.1	-	1.9	6.9	12.8
2018.04	서울시	13	18.5	26.3	8.1	0.1	130.3	55	8	1,015.6	2.6	4.7	223.4	-	2	8.8	15.9
2018.05	서울시	18.2	23.3	29.6	13.4	6.9	222	63	22	1,011.2	10.1	5.4	231.6	-	1.7	8	13.4
2018.06	서울시	23.1	28.4	32.9	18.9	16.3	171.5	63	19	1,007.6	14.9	5.9	236.6	-	1.7	5.7	10.5
2018.07	서울시	27.8	32.1	38.3	24.2	17.7	185.6	68	29	1,008.5	20.6	5.1	228.5	-	1.5	4.2	8.4
2018.08	서울시	28.8	33.3	39.6	25.2	20.2	202.6	65	25	1,007	20.8	5.8	232.5	-	1.7	7.1	17.8